1189581
284 274 284
276 272 266
284 280 264
277 283 257
11 17 23
12 12 24
28 30 14
7 5 5
31 17 29
29 25 13
269 259 281
264 270 286
278 278 258
273 271 277
279 279 255
273 273 261
257 259 285
280 262 284
268 276 266
260 262 284
274 270 275
256 270 268
259 269 283
273 257 275
282 262 270
280 268 276
272 286 284
283 257 281
282 262 268
272 262 270
269 261 265
280 278 270
275 269 269
270 286 278
270 286 264
255 285 257
282 266 258
285 280 286
259 264 270
258 258 256
269 269 255
286 286 284
257 257 281
273 273 275
2 12 2
20 0 14
19 1 6
30 0 0
5 21 7
26 0 20
272 280 266
255 255 277
257 259 259
276 262 256
279 263 255
262 278 260
271 269 269
272 284 272
261 285 259
280 284 268
286 284 274
255 279 276
283 267 277
280 264 270
273 257 279
277 269 258
281 283 281
268 260 260
256 280 272
264 260 274
260 274 260
258 272 262
272 256 282
272 266 258
257 275 283
265 267 281
278 268 262
264 266 274
257 255 279
286 284 280
278 276 264
279 261 269
266 268 260
264 262 286
24 22 14
14 0 4
23 21 9
21 9 23
1 1 1
16 16 28
277 277 273
270 270 274
272 272 284
281 275 267
281 279 255
272 274 266
261 259 283
280 280 284
271 271 271
283 283 283
264 264 264
282 280 260
260 262 266
262 260 264
263 265 269
281 257 259
261 269 263
275 267 257
286 262 268
268 274 282
284 278 270
268 278 286
263 257 281
277 255 283
283 269 281
258 272 260
264 262 274
265 283 267
266 280 264
282 264 280
270 284 268
258 272 258
268 282 268
272 258 272
10 20 10
15 1 11
22 4 18
9 27 5
7 17 11
31 13 27
281 267 277
274 260 286
261 263 257
255 269 259
284 270 280
266 282 256
269 285 275
274 258 264
268 284 274
256 272 270
273 257 267
262 278 268
276 260 266
267 273 281
284 262 270
284 258 268
256 282 272
260 266 276
262 268 278
256 270 272
7 13 23
6 16 22
12 22 28
23 13 7
11 21 27
18 12 2
284 262 268
268 278 284
279 257 263
261 279 277
5 27 21
19 9 3
18 8 2
24 2 8
28 2 12
19 9 3
4 18 20
22 28 6
14 0 30
18 28 2
264 258 280
265 271 281
263 277 279
273 267 257
273 263 257
269 279 285
286 264 270
256 266 272
279 273 263
271 279 257
275 267 265
266 258 280
271 279 257
255 263 277
260 268 274
280 272 266
256 280 274
270 278 280
281 273 275
283 275 277
23 31 29
26 18 20
30 22 20
21 13 11
5 29 27
16 8 14
272 264 270
283 275 265
284 276 278
285 261 259
5 29 31
7 5 1
3 1 5
13 15 3
11 13 1
263 267 265
285 257 255
281 285 283
264 276 266
264 260 266
279 259 285
260 264 258
281 285 275
280 280 276
281 281 285
284 284 256
286 286 258
263 263 267
263 263 267
270 270 258
283 283 279
277 271 267
272 274 286
282 284 272
284 286 282
276 265 257
260 262 285
258 260 283
268 270 277
258 256 279
11 9 16
11 9 16
5 7 30
20 22 15
30 28 5
28 30 7
277 279 256
264 262 285
256 258 266
280 282 274
5 7 15
25 1 15
7 31 17
4 28 18
1 25 19
284 260 258
262 286 280
276 284 262
278 286 260
261 269 271
273 281 259
285 277 267
258 266 272
263 255 261
283 275 273
286 278 272
286 278 272
267 269 261
280 282 274
255 257 265
255 285 277
283 257 265
259 281 273
271 273 265
264 266 274
258 260 284
286 280 256
280 286 262
268 266 274
262 256 280
18 20 12
4 2 26
21 23 15
26 20 12
29 19 11
16 18 26
258 256 264
259 261 269
278 272 280
284 282 274
28 26 18
24 30 22
10 12 4
3 5 13
1 7 15
264 266 258
265 263 255
268 270 262
269 267 259
278 276 272
283 285 281
258 256 260
275 277 273
279 285 273
282 284 272
276 274 286
267 265 261
270 264 260
263 269 257
262 256 268
285 279 275
269 263 259
267 265 261
284 282 278
286 280 276
280 280 276
2 2 14
17 17 29
23 23 27
0 0 12
5 5 9
29 29 17
18 18 30
4 4 8
26 26 22
10 10 6
274 274 286
284 284 272
267 267 255
278 278 274
24 24 28
28 28 24
13 13 9
26 26 30
16 16 20
260 260 256
283 283 255
281 281 261
277 277 265
268 268 264
271 271 275
259 259 255
26 26 30
26 26 30
13 13 9
4 4 8
25 25 21
16 16 20
276 276 272
262 262 258
276 276 272
283 283 279
261 261 257
262 262 258
262 262 258
258 258 262
17 17 21
27 27 7
1 1 29
16 16 12
12 12 8
265 265 269
255 255 259
283 283 279
274 274 286
284 284 272
285 285 273
260 260 256
272 272 276
268 268 264
31 31 27
29 29 25
2 2 6
22 22 18
24 24 28
282 282 286
273 273 277
274 274 278
260 260 256
277 277 273
268 268 264
278 278 274
30 30 26
24 24 4
31 31 3
26 26 6
17 17 13
11 11 15
278 278 274
263 263 267
267 267 263
258 258 262
270 270 266
284 284 280
280 280 284
286 286 282
18 18 22
17 17 29
30 30 18
5 5 9
12 12 0
284 284 272
273 273 285
269 269 257
256 256 268
270 270 258
267 267 255
258 258 270
274 274 278
282 282 286
270 270 266
275 275 271
272 272 276
277 277 273
262 262 258
277 277 273
255 255 283
278 278 266
285 285 257
277 277 265
260 260 280
276 276 264
22 22 18
7 7 3
11 11 15
28 28 24
26 26 22
6 6 10
280 280 276
281 281 277
264 264 260
278 278 282
261 261 265
255 255 267
265 265 261
256 256 268
12 12 0
12 12 0
2 2 14
24 24 20
22 22 26
256 256 268
272 272 284
260 256 262
269 265 267
280 284 282
279 283 262
278 278 265
257 257 286
273 273 270
278 278 265
255 255 259
258 258 262
277 277 273
261 261 257
272 276 270
277 273 279
257 269 259
277 264 275
274 285 272
260 272 258
261 275 259
19 5 13
28 30 22
25 29 19
23 31 17
28 12 18
18 12 6
286 264 270
262 264 264
271 255 271
276 258 278
260 256 282
266 262 270
281 273 263
272 268 280
31 27 3
28 22 30
26 12 30
15 11 19
18 22 26
268 256 272
257 273 255
280 264 280
264 276 270
274 268 278
285 259 283
265 259 277
267 275 265
279 263 279
280 268 262
273 279 275
268 274 270
269 285 269
266 256 263
269 271 273
262 258 280
260 260 272
3 31 21
27 3 1
14 30 0
25 21 31
31 1 1
14 24 22
4 26 0
12 22 0
13 5 19
13 25 5
269 273 269
257 273 283
274 264 276
268 258 264
281 273 285
283 271 267
269 277 255
271 269 267
14 30 24
2 16 1
16 14 22
13 25 29
10 16 28
276 280 272
264 262 272
277 281 259
256 261 266
269 282 255
281 264 255
259 271 263
269 259 277
280 270 284
258 284 286
267 265 269
272 264 280
278 268 270
268 260 286
262 256 270
263 261 282
258 282 266
29 21 11
22 12 6
13 15 3
6 3 30
11 18 21
258 256 284
276 258 270
263 257 255
282 262 274
285 271 273
270 278 276
255 263 269
257 255 283
256 266 272
257 269 275
258 274 260
262 270 278
266 274 272
263 261 257
259 267 271
279 259 273
280 276 260
265 283 269
265 257 275
281 255 277
274 284 264
260 264 282
260 268 284
280 276 282
259 281 263
268 286 264
262 264 262
264 262 270
268 260 274
276 278 272
286 258 276
281 273 283
281 277 277
284 282 278
264 270 284
8 6 24
28 10 8
8 26 26
6 16 18
4 26 10
263 255 274
269 271 281
286 275 286
284 260 272
264 284 258
266 278 284
274 278 256
268 272 276
277 269 271
269 259 255
269 279 259
261 275 273
255 277 257
283 275 277
256 268 272
268 280 284
256 284 272
263 275 283
282 268 276
286 256 284
284 276 266
262 278 256
274 282 262
280 272 256
262 272 258
256 276 264
272 262 282
276 258 268
259 259 267
263 265 259
259 277 263
260 264 276
272 278 264
280 274 271
278 260 266
27 17 11
3 25 7
23 11 22
22 0 8
7 27 9
281 273 267
258 272 262
257 277 261
278 268 258
264 280 270
281 271 259
282 286 272
264 262 276
276 284 282
264 280 278
265 261 259
275 279 283
283 275 267
259 263 273
279 277 271
257 271 269
255 265 257
286 278 276
285 261 255
256 280 286
275 283 257
284 276 278
274 284 276
258 276 256
280 264 282
256 272 262
266 282 268
262 284 258
284 284 268
262 282 264
272 276 258
269 263 273
256 262 282
260 266 270
281 279 275
1 3 31
4 2 4
31 25 31
6 24 6
26 18 16
267 275 271
255 281 271
259 269 283
278 284 270
268 262 276
261 283 273
4 2 20
16 8 12
2 10 20
5 29 27
4 12 14
10 22 2
258 274 268
259 277 279
275 281 265
259 274 257
272 270 264
286 268 268
270 262 282
269 259 277
285 265 277
285 273 265
275 283 255
276 268 270
259 279 283
261 265 269
275 279 257
285 257 263
281 275 265
268 280 256
260 276 286
281 265 267
264 274 274
264 278 284
260 278 264
2 22 0
4 4 30
5 25 9
20 8 0
7 13 17
259 277 267
259 265 255
268 266 266
274 278 270
265 257 271
262 284 276
31 21 15
18 16 24
0 6 26
10 0 18
11 29 15
16 14 0
278 272 274
273 285 261
258 260 256
262 262 260
274 286 260
256 274 272
282 264 266
280 284 260
280 268 278
278 284 272
283 277 281
264 258 270
286 268 274
281 281 261
273 263 257
276 286 276
286 282 262
258 258 278
280 276 284
265 257 267
259 255 279
286 286 262
284 256 268
258 286 274
283 259 255
262 262 270
283 269 285
280 262 280
280 278 258
285 259 265
269 255 273
281 259 279
266 286 286
260 280 284
17 1 29
11 25 31
29 13 15
3 19 29
2 18 28
25 9 23
273 269 261
259 285 281
274 266 282
267 259 261
267 279 283
284 270 272
273 267 273
275 263 271
269 261 273
265 285 259
269 281 285
286 256 270
255 281 273
281 277 259
264 280 266
278 270 280
270 268 266
274 266 280
266 286 260
270 286 268
262 258 280
268 264 262
265 271 268
258 264 264
263 255 279
273 257 283
284 255 270
278 264 268
280 268 264
281 265 257
284 284 286
258 278 282
271 255 281
280 272 280
15 5 3
15 13 9
7 19 11
23 17 1
4 20 26
4 8 12
275 265 261
261 257 275
272 274 258
276 278 262
285 255 271
268 266 282
266 260 268
277 279 263
270 264 280
270 264 280
255 261 277
270 272 256
256 258 274
263 269 285
276 272 266
256 260 274
264 268 256
257 267 269
256 262 260
260 266 260
270 260 268
255 265 257
276 268 270
279 255 257
282 272 266
282 284 270
261 255 285
280 260 274
265 259 273
284 286 260
2 0 28
9 11 29
28 30 16
19 29 25
17 17 27
29 31 15
16 18 2
2 28 14
19 13 31
21 19 1
267 269 255
264 258 280
271 265 255
262 256 266
273 271 261
260 258 268
275 285 275
286 256 274
267 273 255
269 275 257
283 283 267
274 274 258
279 261 269
274 260 284
275 285 259
259 267 265
283 275 269
270 272 280
281 279 257
279 285 271
282 280 256
276 274 282
275 273 281
278 268 262
268 268 284
283 285 269
283 281 265
269 259 273
261 281 285
263 273 261
3 13 17
23 29 31
10 4 12
12 17 7
24 12 0
258 282 280
259 285 265
263 285 269
267 281 267
279 265 261
274 266 280
256 282 264
272 282 268
284 262 272
257 257 273
280 280 264
255 261 281
281 275 255
257 267 279
272 274 262
255 257 273
282 284 268
263 265 281
277 275 259
266 266 280
284 284 264
286 284 268
270 272 260
267 269 257
260 258 270
286 284 264
265 267 257
283 261 275
265 277 257
263 283 255
260 272 280
279 255 259
257 261 265
263 269 269
268 258 256
7 11 11
4 14 16
0 8 6
24 20 0
29 9 17
280 260 268
260 284 266
256 286 268
262 262 278
264 270 276
285 279 273
286 272 278
270 282 262
279 267 267
274 284 284
281 263 259
286 270 264
280 262 268
266 272 280
275 269 281
275 263 285
260 286 278
262 268 268
286 270 262
273 261 261
258 272 266
268 272 262
266 272 260
274 258 276
268 270 278
267 271 263
268 278 260
272 278 272
281 283 275
262 286 278
269 273 281
274 272 272
256 272 260
274 270 256
267 255 263
5 9 1
16 4 12
0 30 30
6 24 18
18 14 24
283 281 279
255 265 259
262 262 286
278 260 274
255 263 257
262 258 258
265 268 272
268 272 264
259 275 279
279 261 273
256 286 270
257 263 277
264 264 280
263 277 261
276 274 258
257 255 285
267 271 257
275 255 263
268 256 260
286 282 284
270 258 256
268 272 268
274 264 266
264 278 272
282 272 266
265 279 279
283 267 261
274 262 286
263 261 259
263 281 255
275 267 265
283 285 283
278 272 282
271 261 263
270 272 262
17 25 7
20 14 12
14 0 24
19 25 7
22 28 6
285 279 285
266 272 282
285 279 273
274 276 266
270 262 264
278 270 280
272 280 282
261 269 255
272 274 274
274 266 284
273 269 273
285 255 265
261 265 277
260 262 258
276 272 278
266 276 284
255 281 279
285 259 279
275 279 259
256 278 258
276 258 274
285 255 267
273 255 275
284 258 272
258 266 273
267 273 277
281 255 257
255 281 283
283 279 255
262 282 266
278 256 272
273 265 267
262 266 262
282 274 274
265 281 279
22 30 14
21 21 17
27 13 5
24 0 22
17 23 13
266 284 284
258 272 283
280 276 273
259 255 267
273 275 269
266 284 264
259 271 275
266 260 276
3 9 27
13 13 9
9 11 21
23 23 11
20 16 28
12 0 10
267 265 273
275 281 255
285 261 267
279 269 257
264 280 284
255 285 277
286 268 268
266 280 274
260 268 274
274 274 260
267 259 272
283 256 285
284 268 265
265 275 279
255 281 283
262 270 278
267 257 285
265 285 277
282 286 266
257 279 277
279 259 285
267 285 275
268 258 274
261 273 259
274 282 268
269 269 265
257 257 258
277 275 261
268 270 276
256 258 284
269 265 263
269 255 279
260 260 256
269 267 265
9 1 7
21 9 11
9 3 27
27 1 17
5 15 23
6 10 8
285 271 265
256 284 270
265 261 263
271 267 281
265 255 265
269 256 256
273 277 283
256 264 256
280 260 260
266 272 276
269 277 261
263 257 255
271 265 263
4 2 2
22 9 15
5 15 12
13 9 3
23 9 31
4 22 28
285 277 257
270 278 257
255 273 282
283 257 258
277 285 259
259 269 281
256 266 276
258 286 256
282 270 262
256 276 266
261 255 285
261 285 263
265 263 280
266 259 273
271 273 279
30 14 4
28 24 22
4 2 16
23 9 17
14 28 2
29 1 3
266 280 270
256 264 270
275 277 261
269 263 285
255 279 277
268 280 278
286 258 260
267 285 259
268 284 282
270 286 282
257 273 281
273 261 261
275 255 256
12 26 22
24 6 22
23 25 11
0 6 0
17 19 15
31 19 31
274 276 265
276 274 274
266 278 278
286 261 261
276 262 265
281 273 283
279 279 284
267 267 260
265 277 263
269 263 265
269 271 273
280 256 270
261 273 277
277 259 257
264 256 272
6 14 14
28 2 24
25 21 21
12 0 0
19 7 7
29 9 9
281 273 267
284 276 278
271 277 265
286 262 256
268 276 274
268 276 274
280 256 262
265 285 285
286 266 266
266 286 286
275 281 259
277 255 261
282 268 266
6 28 22
23 13 7
19 3 15
7 23 27
26 10 14
0 16 26
265 281 271
261 277 271
255 271 265
264 280 258
269 257 261
280 268 272
276 256 284
255 275 263
281 261 257
268 280 276
282 270 258
14 2 6
2 22 10
9 29 1
23 3 31
1 21 9
29 9 21
20 0 28
27 7 3
17 13 9
27 15 3
283 263 259
282 278 274
278 280 274
263 285 259
285 263 273
272 262 284
269 279 257
263 281 267
257 275 269
263 281 259
271 269 275
271 269 275
261 275 257
0 18 4
8 22 12
16 6 28
22 24 18
18 0 14
11 29 23
280 278 286
279 277 285
266 284 260
261 279 255
284 262 282
273 263 275
286 256 284
255 281 269
264 262 266
267 281 269
256 282 262
31 5 25
3 29 5
22 24 16
6 12 4
6 12 4
277 281 285
282 266 268
264 280 286
270 286 276
256 272 286
270 286 260
261 277 267
260 276 286
264 280 284
256 272 276
272 262 256
267 257 283
261 263 277
255 265 271
28 2 12
28 18 12
14 20 30
1 23 17
18 6 6
19 31 31
13 5 3
1 9 11
16 24 22
17 9 11
257 265 259
263 271 273
258 282 284
273 281 259
256 268 268
286 266 266
256 282 272
263 257 279
282 266 256
265 281 275
259 275 265
21 5 15
0 26 16
25 15 9
23 1 7
28 18 12
282 258 256
266 258 260
263 271 277
262 270 268
260 264 266
268 264 266
279 259 261
266 270 264
276 282 266
285 283 267
272 278 282
280 280 284
261 257 259
258 262 256
11 9 13
19 17 25
13 3 19
20 16 6
7 29 23
255 269 271
278 264 282
273 279 271
286 262 260
286 276 262
260 264 278
279 257 283
271 255 285
265 279 283
286 256 284
272 264 266
269 267 271
277 277 261
259 255 267
267 277 275
266 264 260
23 23 27
20 14 4
19 27 25
8 0 30
5 27 15
276 258 278
286 264 282
286 274 284
260 256 262
273 267 265
272 280 256
256 270 280
284 256 286
275 279 283
278 258 266
262 276 278
259 269 269
268 270 270
255 277 267
1 23 27
17 21 7
1 4 4
4 24 14
22 2 3
276 284 274
257 283 277
274 266 264
280 270 256
280 260 268
271 263 259
275 267 267
262 278 268
269 273 273
272 266 262
266 262 286
269 283 263
261 283 281
271 269 257
279 285 277
285 275 275
0 22 2
2 12 14
9 9 23
10 8 12
15 19 29
269 271 257
280 258 278
263 277 267
268 270 278
270 256 268
285 271 277
258 258 270
277 277 261
256 282 270
262 264 266
263 277 273
263 257 259
262 264 266
265 263 265
7 9 5
11 11 7
9 11 29
28 26 22
1 3 15
281 281 257
273 277 267
271 283 281
280 272 268
277 271 285
284 258 274
264 266 269
284 282 278
275 273 274
259 283 271
277 255 261
261 273 277
281 271 255
262 268 284
278 286 268
284 260 282
1 31 9
16 6 8
3 19 29
6 10 4
27 5 29
277 267 257
285 255 257
285 263 281
259 263 255
274 286 272
281 265 269
261 269 257
274 286 266
275 273 255
269 269 265
273 267 267
273 279 275
266 274 284
285 275 265
3 23 15
27 19 9
29 23 23
12 26 0
8 28 7
276 270 285
276 282 266
277 255 265
277 255 256
274 280 284
281 285 281
282 282 256
255 269 255
273 277 255
269 277 255
284 260 256
264 260 268
264 278 262
259 259 263
269 265 277
255 267 281
273 273 286
284 276 281
276 286 278
265 275 275
256 260 256
266 280 274
284 266 272
264 282 278
255 265 259
274 278 270
264 258 259
270 276 284
271 257 267
286 263 257
264 262 277
255 259 282
284 278 267
286 272 256
260 274 262
4 22 6
8 0 2
1 7 18
21 29 12
25 21 9
260 282 270
259 269 281
257 275 284
273 281 278
283 265 267
269 259 267
284 264 282
271 259 267
282 286 272
282 280 276
262 262 274
285 271 271
272 284 258
281 275 255
278 266 284
277 263 275
269 271 257
286 258 270
256 266 284
266 286 258
280 272 282
275 275 259
266 278 283
284 274 282
279 281 283
276 276 280
271 273 277
263 265 282
267 263 269
257 265 263
257 277 265
273 267 273
267 277 255
272 278 262
265 265 285
265 257 271
266 280 264
271 257 269
285 268 268
266 258 284
277 271 277
284 276 258
259 263 265
263 285 279
284 266 286
279 267 259
272 268 284
257 259 286
286 280 268
283 257 267
255 255 283
285 285 261
271 273 271
258 270 286
280 262 268
276 286 284
275 273 263
256 256 268
274 274 286
267 263 277
285 281 273
280 260 264
285 275 265
268 268 280
274 274 272
260 260 276
272 268 278
274 268 272
256 256 260
273 279 263
259 273 257
270 274 256
281 271 269
256 256 276
263 257 259
257 277 277
266 282 284
259 279 267
266 255 277
279 257 281
263 255 271
277 270 286
271 273 283
258 286 280
277 283 279
273 255 273
282 276 258
267 283 271
260 278 260
281 283 285
281 277 259
279 283 275
270 268 260
278 280 275
259 257 257
266 278 282
268 268 256
264 255 271
255 274 280
285 265 273
269 274 260
270 260 272
272 280 270
272 270 274
264 276 262
271 279 275
266 256 266
271 279 264
273 267 271
266 264 268
258 258 258
278 274 280
281 271 271
257 271 265
268 278 286
280 258 264
282 260 266
276 264 256
273 259 264
278 286 282
285 265 277
257 269 279
280 270 260
286 270 276
257 283 275
268 282 258
268 266 284
284 278 268
263 261 279
268 266 274
284 282 278
285 257 283
256 260 262
279 285 273
278 276 268
266 264 260
261 259 255
279 277 273
268 270 266
270 270 270
273 273 273
278 278 266
284 284 272
280 280 260
280 280 276
265 263 255
264 266 274
276 278 270
267 265 277
265 265 265
283 283 283
271 271 271
