3753699
262 384 321
260 325 321
447 452 326
450 390 387
0 133 0
132 1 1
132 1 0
134 130 128
71 197 65
133 0 131
447 325 450
260 386 255
255 260 386
262 323 450
449 451 454
451 449 450
320 450 449
324 454 453
323 452 449
389 384 258
326 326 449
452 452 322
323 450 449
258 388 257
319 451 448
448 321 319
383 262 256
383 259 262
454 449 324
447 452 320
260 383 260
448 450 322
386 384 257
325 324 454
259 390 386
388 261 383
383 385 261
452 454 450
389 262 262
261 452 450
388 323 453
384 390 258
321 324 451
383 261 259
71 192 64
5 132 133
2 2 130
195 68 197
67 66 68
133 130 128
319 319 447
326 322 451
447 325 448
323 451 256
449 324 256
324 326 322
453 322 451
259 258 262
262 262 258
319 320 325
390 388 385
319 449 326
387 260 450
449 325 387
262 387 326
453 320 259
389 388 258
454 450 451
449 447 451
256 383 321
257 257 385
319 447 452
385 260 319
259 262 323
454 389 257
453 320 322
453 322 257
450 452 262
259 386 323
319 453 260
255 453 447
383 261 385
256 258 325
257 383 322
196 69 134
66 128 7
69 64 192
4 132 2
1 129 1
129 3 0
255 259 385
320 447 453
454 454 452
257 386 383
325 324 326
325 324 451
390 255 258
261 256 385
448 325 321
326 450 451
390 256 389
323 324 259
319 452 257
453 448 389
322 322 390
390 260 255
262 258 322
453 257 447
383 260 323
262 390 323
322 322 386
256 383 324
453 386 320
390 261 260
385 256 256
322 319 450
260 390 260
256 324 321
390 386 388
454 259 387
326 323 385
322 326 385
326 321 258
322 326 383
133 132 7
5 1 2
196 129 1
197 195 0
0 135 64
6 130 68
386 388 326
387 322 321
323 319 453
449 451 450
321 450 453
324 320 322
322 323 452
447 324 451
259 256 388
258 385 385
450 449 324
451 450 323
325 448 321
389 384 387
325 321 320
383 259 255
448 453 448
452 320 451
257 389 258
452 319 326
66 199 195
5 135 132
64 195 64
134 5 132
3 3 130
1 7 133
450 454 322
450 454 319
258 387 386
255 259 325
7 132 135
5 70 130
2 4 2
131 129 1
199 64 67
194 2 199
7 7 64
132 132 194
197 196 68
1 4 1
256 260 449
453 448 449
387 261 259
257 259 453
259 449 386
390 388 321
320 326 387
450 448 388
390 259 452
447 454 449
323 447 447
255 260 258
261 383 384
384 386 258
261 389 325
319 449 387
454 325 260
387 260 454
324 447 255
260 322 383
195 4 194
195 192 135
68 69 4
70 198 135
130 132 195
131 4 66
262 386 323
319 262 323
323 319 324
321 325 324
198 194 196
71 69 66
131 131 128
192 199 196
193 66 192
447 453 385
324 453 324
386 390 256
450 323 384
260 453 262
388 325 390
454 257 453
448 452 385
447 452 387
326 319 324
258 261 258
260 257 255
322 454 326
449 261 326
260 257 389
325 453 449
321 449 322
257 384 451
324 324 259
261 388 323
383 255 453
385 385 389
319 448 449
324 449 450
324 324 320
195 195 198
65 67 198
129 7 199
130 4 197
71 66 7
130 7 65
325 447 388
260 257 454
383 384 320
454 326 385
133 132 69
128 1 198
195 194 196
195 70 195
134 68 4
385 257 449
450 322 261
260 388 319
387 262 449
386 262 454
383 387 453
324 383 449
255 385 383
259 384 256
451 323 453
447 326 453
386 384 389
448 451 449
389 257 387
323 319 325
390 388 387
388 388 258
259 388 260
384 384 389
388 261 255
447 321 451
453 319 448
453 323 454
261 260 257
257 259 323
193 193 2
64 64 128
135 6 68
1 2 192
133 131 197
197 193 5
323 386 449
385 256 447
260 383 326
384 257 322
67 64 134
64 199 132
199 192 65
192 69 133
6 4 192
448 454 449
383 388 256
454 447 321
447 452 320
453 321 387
386 389 451
325 322 383
322 256 319
454 325 449
262 452 385
449 325 320
387 385 322
454 319 450
325 454 323
453 319 452
261 388 451
447 450 385
260 260 388
451 257 390
262 387 448
453 452 260
70 198 71
3 3 130
70 192 66
1 131 4
4 133 6
2 7 2
7 0 5
134 135 132
129 130 129
69 196 195
385 258 386
453 319 449
389 383 256
323 447 449
198 196 71
133 4 134
133 3 128
3 131 128
132 4 6
448 450 389
325 450 324
325 322 319
451 452 257
260 257 448
325 321 262
323 451 384
5 135 198
129 3 66
130 4 197
195 197 130
69 68 134
195 65 132
262 384 386
389 259 390
453 453 450
256 383 255
450 323 324
326 450 454
325 387 448
450 451 321
69 71 71
69 3 68
196 65 198
192 196 199
68 197 66
321 322 450
447 450 451
326 322 447
260 256 450
255 386 454
454 321 320
388 385 388
322 322 452
256 260 255
6 4 129
6 133 2
5 0 134
4 2 134
67 199 67
450 261 451
257 390 319
385 262 260
325 449 322
257 262 255
324 454 453
322 324 326
3 5 7
198 69 196
194 198 66
71 195 195
198 197 194
2 134 135
255 387 258
454 449 450
325 448 454
385 261 386
321 325 325
388 256 388
385 262 383
387 389 383
68 195 195
1 3 7
198 197 197
3 4 129
131 134 0
385 388 388
326 451 319
260 257 320
261 258 256
447 454 449
451 319 320
388 385 257
447 320 448
323 325 390
326 451 262
386 389 323
323 447 390
319 452 390
322 388 323
454 326 326
385 389 256
326 320 388
262 389 325
319 321 389
322 454 388
259 255 324
199 131 67
132 1 135
67 198 195
194 199 4
70 193 6
193 195 131
386 255 451
383 256 454
323 326 383
449 325 385
384 260 384
256 321 258
390 325 258
388 261 386
65 194 71
71 132 198
70 6 68
71 5 64
5 128 133
451 321 449
322 451 319
384 260 385
255 259 450
326 449 386
319 448 383
258 384 451
451 325 390
324 453 256
323 323 256
449 452 325
321 321 454
383 383 260
323 454 386
387 260 320
261 320 256
257 383 387
448 451 454
259 389 386
386 387 321
390 259 325
1 0 199
64 66 6
129 135 196
128 134 195
132 130 199
135 133 194
319 325 257
319 448 383
386 256 322
324 390 320
454 447 262
258 389 260
450 323 449
321 454 319
65 194 70
195 128 71
130 6 134
71 195 64
196 64 195
386 383 258
388 386 385
258 255 261
453 319 454
454 448 385
326 324 325
454 452 325
321 326 259
319 454 259
448 326 450
387 385 257
259 261 385
259 384 388
388 255 320
386 261 258
261 258 390
451 325 325
129 3 3
195 197 68
64 193 69
7 1 135
67 197 193
129 132 131
134 129 5
2 135 0
65 198 197
66 193 71
385 383 387
325 324 447
454 449 325
323 325 319
320 326 323
387 262 261
255 258 257
321 450 320
2 130 70
0 128 65
132 134 199
193 71 65
71 65 71
450 323 384
448 450 386
451 448 384
319 322 259
454 384 448
321 383 326
387 324 259
255 255 262
258 384 255
262 383 390
258 255 387
390 385 258
326 324 262
451 321 453
452 325 322
383 256 385
453 321 325
68 197 196
192 198 68
5 2 5
3 130 130
194 195 67
384 260 389
322 447 450
262 260 260
325 324 452
262 386 257
255 258 258
452 325 319
260 261 385
326 450 322
453 320 451
322 325 450
319 453 447
383 390 387
449 323 258
258 262 385
384 258 383
322 321 322
258 385 256
447 454 452
322 453 323
261 258 262
256 260 260
257 388 390
386 387 389
386 261 389
450 326 451
385 262 257
325 321 453
326 451 452
448 326 453
452 451 323
447 448 451
256 390 258
255 257 259
260 389 256
134 130 7
128 4 5
134 130 0
2 6 65
133 7 129
256 256 386
385 386 261
388 257 321
321 453 257
384 452 390
319 259 320
262 385 388
385 261 388
452 448 326
319 321 324
389 389 255
319 447 325
452 322 386
388 385 447
450 451 389
320 452 260
452 450 386
258 261 454
448 325 257
453 447 453
321 451 448
258 389 389
452 321 322
448 452 452
384 385 261
452 326 322
450 325 326
321 454 321
451 319 451
321 448 324
319 325 452
386 259 258
262 388 258
389 255 385
260 261 389
198 199 69
0 128 2
197 68 66
194 64 69
4 1 132
389 385 259
320 454 452
326 320 321
384 261 260
453 450 448
388 261 260
321 452 324
320 453 319
256 390 260
262 260 387
388 390 258
388 390 255
319 323 323
322 325 324
260 385 387
256 259 385
319 320 452
257 385 383
450 451 450
322 452 452
384 258 388
450 450 453
259 386 383
447 448 325
390 255 387
262 255 258
390 389 388
452 449 450
389 388 387
258 389 261
255 385 386
451 449 452
384 390 384
387 387 258
449 452 451
198 68 193
129 135 6
2 132 130
129 133 67
69 193 128
453 453 389
255 260 258
450 453 452
452 321 451
389 258 255
383 387 256
198 197 198
69 199 64
132 1 5
68 192 197
134 7 7
64 130 192
321 452 256
451 454 447
387 258 390
454 454 387
319 450 326
448 448 453
324 320 326
319 321 453
257 260 385
386 257 389
319 452 322
451 449 453
453 320 449
451 451 449
451 447 454
385 325 258
389 257 324
389 326 260
260 323 261
385 386 326
388 258 256
383 260 261
261 385 255
3 7 7
132 128 132
0 132 3
135 2 5
5 134 2
319 452 319
322 448 320
258 383 390
325 451 451
324 448 326
325 324 320
132 129 6
192 71 64
3 1 4
197 195 198
193 66 196
1 135 2
260 388 390
449 449 453
260 256 258
384 257 384
257 261 389
454 326 387
319 453 326
385 259 262
319 450 321
322 447 326
453 447 326
386 390 386
321 454 322
322 325 325
322 450 321
449 449 322
385 257 255
390 387 384
450 321 319
320 319 323
451 453 449
326 324 320
324 322 320
258 255 259
262 386 259
384 260 388
385 259 257
262 255 257
384 260 383
450 326 323
262 388 384
255 390 387
390 383 388
326 448 319
135 3 3
0 4 0
128 130 131
197 194 68
65 64 192
129 135 129
384 260 384
386 262 388
262 388 389
453 319 324
256 384 386
447 448 325
256 258 259
326 323 326
322 454 325
326 319 321
453 324 323
322 323 322
255 256 384
389 258 387
451 323 319
262 387 384
450 450 447
390 388 261
453 449 260
256 388 319
454 323 258
262 261 448
390 383 257
324 319 322
454 451 323
390 256 257
261 389 385
385 257 386
389 262 390
450 450 451
256 389 389
390 262 385
325 452 449
387 385 385
64 192 64
193 192 195
194 196 197
0 133 133
1 4 2
4 129 128
262 258 387
452 320 323
452 323 450
388 260 259
257 385 385
450 324 323
260 390 385
326 388 454
387 384 447
261 390 261
261 259 260
451 325 454
451 258 454
448 326 449
257 385 261
449 450 321
448 323 452
385 388 255
383 258 260
448 448 451
262 388 385
383 259 385
262 386 261
256 262 384
447 321 322
385 387 386
450 321 326
262 389 387
453 454 452
261 256 390
65 64 66
134 6 132
4 134 0
130 134 2
133 7 0
0 6 129
3 130 1
199 69 194
2 134 130
129 132 130
260 384 383
450 325 453
259 383 255
452 448 452
321 326 322
321 452 449
261 387 384
320 447 447
257 259 386
319 449 453
325 322 320
450 454 448
450 451 453
256 257 384
389 255 262
323 321 320
321 453 320
390 258 256
324 449 450
325 447 320
383 388 388
384 262 390
385 256 386
453 453 448
259 259 262
384 384 262
390 261 260
261 383 257
454 319 326
255 388 259
70 196 192
196 193 69
5 192 132
65 69 65
195 197 195
256 384 448
324 322 450
383 390 389
451 321 453
452 319 453
449 447 319
319 453 319
323 447 320
321 451 323
454 326 324
257 388 385
323 324 449
453 323 450
322 319 448
386 385 383
325 323 448
384 255 257
385 257 258
449 452 447
390 385 389
384 387 385
450 326 320
452 320 323
323 447 325
258 261 390
258 260 385
323 320 453
262 386 386
255 258 255
256 388 389
390 258 261
452 448 451
450 326 319
262 385 390
387 256 390
0 130 134
128 195 128
0 128 199
5 134 71
197 134 135
261 390 260
255 260 383
257 255 262
319 323 324
321 320 451
256 261 262
323 324 449
389 388 387
325 326 448
325 454 450
452 319 449
389 259 384
383 256 256
258 257 450
387 262 319
322 453 259
451 320 258
324 448 258
257 255 448
320 453 256
450 259 386
261 261 388
322 452 257
324 320 385
384 323 255
326 324 454
384 261 258
383 260 256
258 259 256
385 259 255
453 322 322
450 448 450
259 256 257
258 389 262
257 260 255
195 199 66
196 71 197
64 196 193
130 1 2
3 131 129
451 452 324
390 262 258
326 326 321
319 453 454
325 319 319
257 262 257
388 384 257
324 319 321
262 255 384
319 320 323
385 255 261
325 321 320
447 321 451
386 383 261
449 447 448
261 257 388
453 450 322
260 386 261
325 450 321
449 450 260
256 255 453
388 387 385
450 449 454
323 454 319
325 447 451
260 256 387
323 319 321
385 256 258
450 324 323
453 323 320
383 383 389
448 319 448
385 384 259
325 326 389
259 258 325
67 199 3
4 7 195
6 5 131
70 198 69
196 67 198
448 450 324
321 448 262
320 262 384
454 453 384
325 323 387
385 261 450
319 450 255
390 259 454
448 448 390
451 325 384
257 388 454
319 453 260
325 321 386
321 448 450
386 257 323
262 258 450
453 325 259
453 450 388
261 260 454
259 385 448
324 388 325
388 257 383
454 453 321
259 384 386
259 383 390
390 389 453
322 447 259
260 389 452
389 262 323
450 324 259
452 448 260
261 258 321
387 386 256
258 388 386
453 322 322
132 135 128
197 192 69
65 68 195
4 3 132
7 7 135
450 319 385
383 386 450
383 390 323
388 324 325
384 389 260
321 321 451
452 448 449
321 322 324
66 196 65
5 1 133
128 133 7
133 3 6
4 135 7
1 3 130
259 258 260
389 255 390
389 385 257
260 390 258
448 326 257
324 454 325
450 448 256
256 383 320
258 453 320
323 323 321
319 449 258
448 454 389
453 321 260
451 448 258
387 383 322
260 261 454
383 258 320
387 258 390
323 454 449
262 387 388
453 325 326
452 450 448
453 448 325
258 388 387
448 452 258
256 260 390
259 390 383
387 386 451
257 388 322
387 390 257
388 388 255
387 259 385
447 321 449
449 454 454
133 0 132
128 7 130
129 2 1
198 198 194
5 3 6
71 194 70
256 259 390
388 387 259
450 449 450
388 383 385
257 387 384
384 261 261
390 255 262
257 388 255
389 389 390
322 448 255
324 326 385
326 260 386
447 454 260
5 130 193
135 2 195
135 132 65
0 68 66
135 132 70
132 2 1
256 257 261
388 262 389
326 450 324
259 257 256
319 321 453
454 323 320
324 320 258
324 320 390
390 255 453
450 450 262
256 258 449
448 319 385
448 325 449
260 261 454
385 261 326
195 71 130
135 5 132
7 7 130
134 134 194
135 7 66
130 3 69
448 449 257
451 323 259
261 389 255
383 256 319
447 319 388
385 262 326
454 453 385
256 385 452
262 388 325
451 325 387
257 389 450
319 319 451
255 449 451
128 0 196
1 193 67
5 135 128
129 131 128
67 198 6
7 129 70
387 387 322
326 454 387
454 320 256
387 387 452
454 449 256
322 319 387
324 322 258
257 389 447
389 262 450
390 257 383
255 388 387
447 325 454
385 255 390
390 384 261
447 326 320
130 1 128
131 131 195
134 4 194
131 5 70
2 132 7
3 199 67
385 259 256
261 452 453
454 452 387
452 325 261
322 320 258
387 259 454
387 259 385
450 322 449
258 386 383
448 326 449
321 324 260
386 322 448
257 385 257
199 69 198
2 132 130
2 3 6
6 132 3
194 65 195
129 1 4
450 321 449
258 384 383
450 387 388
322 449 257
255 383 383
453 453 448
386 386 388
389 262 262
450 450 453
390 390 385
260 388 389
1 128 133
192 192 66
3 128 130
2 1 134
135 5 7
199 3 195
192 196 67
130 129 130
64 199 193
128 4 193
258 325 320
390 390 384
325 257 453
388 262 258
386 259 383
260 452 319
388 256 324
390 255 454
262 256 322
385 383 389
390 257 384
384 384 321
451 325 262
64 192 68
65 197 192
192 66 64
67 68 70
129 7 1
64 68 198
261 390 255
451 325 452
389 390 256
256 255 385
257 389 384
259 385 258
453 326 326
384 385 390
384 259 259
452 320 319
452 454 326
199 195 64
65 197 2
198 66 197
4 128 1
68 71 67
319 447 447
453 326 448
452 323 319
260 260 387
447 453 322
384 386 387
319 448 451
323 447 319
385 259 384
261 258 451
388 390 257
256 262 260
388 388 387
387 255 385
66 70 197
67 193 193
2 130 3
67 194 4
71 65 6
1 0 67
64 198 197
129 6 130
6 129 6
131 134 128
255 260 255
447 321 452
387 390 383
386 386 389
383 384 384
385 257 385
385 390 260
449 449 319
447 454 454
383 386 386
261 385 388
134 6 131
65 64 69
69 195 69
3 132 134
131 3 5
389 262 260
447 319 325
386 257 259
390 261 259
454 326 324
259 390 384
452 323 325
322 447 453
386 259 261
326 453 451
386 257 255
447 319 321
322 451 453
385 386 384
5 4 6
65 195 69
0 1 7
6 1 3
7 134 132
321 449 447
454 326 320
387 259 257
324 451 453
257 385 387
255 255 388
450 450 326
384 383 388
262 261 258
384 383 388
388 389 384
452 324 326
390 262 256
447 319 325
448 320 326
258 385 387
129 1 7
69 194 192
4 132 130
132 5 7
67 192 198
384 256 258
319 448 454
326 453 447
255 383 385
452 324 322
260 385 383
385 386 384
448 453 451
390 389 383
319 450 452
390 255 257
322 450 452
256 384 258
448 325 450
7 132 1
198 71 196
132 4 2
0 129 135
194 67 65
453 325 319
390 383 385
260 261 255
262 261 255
326 319 322
326 319 321
451 454 447
447 454 452
320 325 324
383 386 388
325 326 321
449 450 448
323 324 319
260 259 261
325 324 321
454 453 447
192 193 196
195 194 192
1 6 5
128 135 132
197 194 198
447 324 450
319 320 324
319 449 324
389 388 384
449 320 454
257 256 260
321 454 324
450 449 453
326 451 321
452 451 447
390 257 387
388 387 383
324 449 319
383 385 389
192 66 199
131 129 133
197 66 192
3 5 1
131 5 134
383 389 385
260 389 255
390 384 388
262 388 257
258 256 260
321 451 320
387 389 385
323 453 322
454 452 448
448 322 451
319 453 324
325 451 322
326 447 322
326 449 323
255 390 260
320 322 326
199 193 197
195 193 68
197 195 70
65 68 64
7 4 0
448 451 447
387 386 390
448 449 326
256 261 385
390 383 260
258 261 384
324 325 321
447 452 448
260 257 261
390 387 383
389 385 389
324 325 449
260 385 388
321 324 447
0 133 128
133 128 4
134 133 1
64 69 194
129 132 0
452 447 322
259 256 386
319 324 449
326 451 325
257 384 255
261 384 262
449 326 449
389 386 390
384 389 385
261 257 261
388 384 388
326 322 323
256 260 261
257 261 258
323 319 322
257 261 257
257 390 385
319 451 449
449 325 319
322 323 319
453 450 454
384 387 383
386 259 386
255 390 255
256 390 256
389 258 389
324 454 324
320 451 320
390 256 390
258 260 383
451 449 326
321 319 450
261 255 390
384 390 256
448 450 319
71 66 70
134 197 193
132 65 196
70 197 6
196 195 199
448 453 449
322 319 323
326 451 326
325 451 324
390 256 389
389 260 389
452 447 387
383 388 325
258 261 448
320 325 321
262 257 261
258 256 388
259 261 257
386 383 260
322 323 448
383 259 257
453 452 259
322 448 256
385 383 390
448 450 451
323 454 325
323 450 324
386 261 386
450 454 450
452 320 321
447 454 323
384 389 323
384 389 323
452 320 320
384 387 259
447 323 324
453 322 321
319 322 453
320 321 454
261 260 383
256 386 259
260 383 256
453 323 452
319 452 260
383 388 449
256 261 454
453 450 256
389 257 325
449 325 449
262 258 320
323 326 384
258 259 448
383 262 323
390 449 321
319 258 388
447 390 259
387 258 324
447 324 319
260 390 260
323 450 321
449 322 323
322 451 448
258 384 256
262 384 256
384 383 387
447 262 385
452 260 386
255 262 258
447 448 451
321 322 453
450 448 447
450 320 448
322 448 320
388 257 387
452 319 453
451 321 451
384 258 384
447 325 447
449 320 449
324 448 451
261 260 256
452 450 326
390 384 261
454 452 448
447 448 452
326 325 321
450 449 454
385 260 255
449 321 322
454 325 320
256 257 255
389 390 384
320 320 321
454 326 454
322 449 322
324 451 319
257 257 386
449 324 258
390 255 453
261 388 390
452 448 451
453 322 320
384 389 262
388 387 323
454 326 385
320 449 323
256 262 261
259 384 387
324 323 387
453 448 256
324 319 259
385 390 450
447 450 261
326 322 384
255 261 255
447 319 449
448 326 449
262 389 258
319 452 325
386 256 452
383 387 321
323 454 258
260 383 324
325 322 261
261 260 261
260 259 386
258 258 450
447 448 450
388 383 384
319 321 383
259 389 454
453 325 388
257 262 453
255 389 322
449 321 255
388 387 449
319 454 384
258 258 323
387 390 450
386 390 385
448 321 384
385 256 451
448 320 451
390 387 387
258 383 261
387 257 258
321 454 452
257 389 262
448 325 323
453 447 322
450 321 325
452 454 321
454 447 450
447 451 322
256 259 261
390 390 385
388 256 448
