3749487
349 285 510
290 290 481
358 262 486
340 404 372
194 163 179
109 204 156
216 88 137
31 255 238
65 225 65
189 236 124
390 326 454
301 398 430
504 407 311
483 356 372
425 393 378
447 287 399
324 483 499
484 387 276
440 311 408
431 367 399
442 281 474
331 284 507
336 303 495
306 466 337
262 278 342
399 304 432
272 463 383
354 481 290
509 509 510
441 474 313
435 404 403
295 392 311
272 271 336
342 438 405
298 426 266
280 311 279
302 270 270
445 509 446
260 355 356
418 449 290
415 384 479
353 258 354
404 467 467
367 367 496
217 185 24
184 56 88
181 117 148
247 23 246
66 195 35
112 144 240
433 273 498
409 282 441
263 391 328
399 336 304
275 435 403
441 345 442
409 410 409
332 331 396
485 454 325
286 414 318
466 338 498
508 347 315
498 433 306
407 344 344
505 314 410
406 277 278
289 353 449
428 299 363
380 395 444
394 345 425
453 262 390
435 340 371
329 426 426
492 396 363
262 293 278
466 274 385
350 413 317
316 508 460
506 442 393
321 257 433
405 341 421
317 381 333
433 306 481
500 467 292
127 62 143
72 232 56
74 43 218
36 165 133
253 28 44
152 89 136
292 291 499
274 273 257
332 363 508
286 285 269
285 350 366
502 277 262
467 483 308
496 399 351
354 418 305
467 500 388
436 435 275
384 352 352
428 267 428
456 263 488
338 498 370
438 469 422
484 324 452
506 377 282
289 321 369
377 409 281
387 323 419
421 294 309
330 458 346
359 296 359
502 437 342
409 442 410
335 399 368
255 384 479
293 422 453
453 262 421
462 430 301
386 465 417
429 365 445
362 393 410
93 61 221
109 109 173
80 112 225
59 27 90
21 85 37
83 50 35
501 502 470
382 318 350
451 291 323
470 438 341
255 351 336
416 416 304
315 283 491
439 311 264
255 352 335
440 439 296
449 450 306
318 285 301
271 304 447
269 494 349
398 382 333
264 471 263
267 412 300
307 499 323
495 304 479
484 356 372
76 28 109
28 92 172
53 245 37
195 178 98
13 77 220
139 43 155
347 427 379
303 272 464
446 285 350
409 409 474
185 57 248
248 217 153
230 167 70
242 179 243
207 206 79
0 225 129
13 109 237
238 15 142
22 150 54
205 44 60
400 304 383
436 371 307
490 393 266
362 426 361
292 259 420
354 481 498
486 422 341
468 356 371
405 470 405
302 301 462
424 328 312
369 497 450
479 256 287
306 402 481
344 439 280
356 259 500
259 388 467
395 460 412
397 397 350
271 432 303
170 203 75
229 164 133
229 37 37
97 96 49
72 169 57
134 167 247
271 272 335
352 255 447
409 378 506
314 410 377
136 200 121
225 1 48
154 186 171
192 192 1
201 105 89
470 438 325
408 279 392
411 412 364
445 446 269
384 447 463
264 359 280
360 456 440
414 446 446
487 328 456
439 408 424
433 434 449
494 461 269
375 504 471
475 380 284
455 359 392
384 384 463
357 421 502
440 312 296
336 399 336
307 436 275
433 433 353
350 382 494
382 446 349
426 298 489
460 267 332
230 231 167
187 90 219
142 14 46
40 72 216
48 80 0
96 225 161
492 460 268
482 353 257
291 388 483
432 367 335
184 184 248
46 207 207
169 73 200
69 69 20
128 64 1
431 272 496
256 320 479
440 312 408
479 448 352
348 411 315
494 334 365
434 273 401
267 332 267
444 348 444
439 343 263
302 365 429
348 411 380
400 304 463
402 465 290
267 364 363
355 387 452
493 334 302
469 501 342
259 484 324
275 339 467
283 443 507
334 301 334
344 439 407
442 314 506
405 502 342
126 127 159
56 185 25
183 150 215
38 214 135
123 107 250
93 125 173
288 288 336
400 255 400
464 399 431
289 322 289
48 144 80
11 187 43
223 31 190
88 248 185
124 252 188
482 418 257
498 466 369
257 450 353
286 286 317
455 423 360
337 305 370
325 485 454
257 386 273
341 374 341
297 474 393
461 398 462
363 491 300
315 411 491
336 463 464
375 280 456
394 393 329
434 290 274
470 309 390
448 320 304
370 466 386
492 460 348
72 88 233
247 247 214
210 19 242
113 16 240
143 142 47
24 249 232
24 56 105
103 166 87
138 234 203
87 87 87
312 504 280
275 340 404
369 370 466
267 491 508
174 239 239
210 19 82
171 202 234
74 138 219
77 205 157
449 354 338
464 304 432
463 304 479
377 441 265
278 326 438
466 354 497
495 368 399
204 109 172
41 72 8
186 90 251
66 131 66
116 116 84
58 155 155
304 335 288
326 261 342
356 259 307
255 415 496
487 488 328
355 451 467
481 322 498
466 369 434
185 88 233
177 81 32
233 201 152
170 107 90
17 177 241
439 472 407
368 335 464
353 385 322
270 269 493
315 348 283
427 364 491
440 503 280
348 315 379
350 301 350
247 198 55
54 103 215
87 22 230
199 230 6
80 176 80
324 483 419
410 377 490
435 467 403
292 356 291
341 502 406
284 411 412
452 388 355
15 79 174
75 202 139
174 14 239
252 124 189
138 170 42
89 57 25
272 399 399
411 315 315
370 433 274
330 426 505
312 504 392
473 409 426
357 390 309
401 273 274
162 51 194
9 232 136
12 13 29
229 132 116
223 222 63
477 382 318
502 406 501
274 497 433
398 270 366
492 363 267
397 270 366
401 402 497
435 436 499
296 295 296
395 396 491
486 389 421
448 479 447
354 417 417
445 478 317
384 383 383
435 468 339
468 340 340
326 262 293
448 319 480
506 281 441
290 353 353
251 59 58
250 251 91
5 196 100
184 56 121
179 147 67
6 103 215
466 401 289
425 298 313
391 391 472
406 502 454
478 414 429
496 367 480
480 256 335
263 503 392
146 147 35
17 48 48
16 49 145
19 146 51
26 218 251
422 486 422
343 471 408
425 394 362
388 259 260
279 280 407
465 465 274
425 458 362
337 497 369
315 412 411
379 380 476
406 405 502
467 436 404
388 291 483
268 331 427
448 288 256
302 462 493
431 368 336
436 468 340
422 486 277
402 305 290
350 317 414
139 10 74
5 37 196
27 219 122
170 234 235
96 193 160
129 192 192
401 402 497
367 495 496
501 341 374
327 455 424
499 403 275
417 289 289
380 411 379
427 492 491
205 140 13
128 0 225
67 226 163
41 137 169
185 57 152
289 482 481
412 411 444
440 503 472
473 281 474
427 396 475
325 294 294
347 507 316
320 416 255
456 328 456
382 349 413
500 499 500
481 482 321
502 405 309
349 350 286
302 462 494
292 259 387
465 465 466
230 70 246
33 0 176
178 50 67
238 78 191
213 84 68
251 187 235
56 184 232
162 19 3
212 213 101
15 126 206
499 276 403
389 293 390
411 508 411
510 350 333
268 459 475
339 372 339
263 487 488
489 298 425
107 170 202
214 151 119
102 198 134
66 35 131
15 239 207
418 322 321
495 368 304
350 317 302
354 353 402
280 503 375
287 416 448
368 368 367
399 336 367
283 316 283
457 298 489
389 422 326
416 479 288
389 325 358
494 397 301
408 503 471
470 501 310
342 277 438
205 204 237
15 78 47
17 208 81
192 193 1
84 21 148
289 321 481
283 508 508
461 462 302
427 380 427
327 360 503
292 467 259
310 310 310
321 418 354
280 503 311
278 502 374
270 398 270
424 391 456
497 305 466
501 502 469
342 469 278
383 288 383
322 417 257
480 287 447
433 369 402
495 367 400
310 341 470
468 435 371
400 336 352
506 473 426
456 488 311
284 283 283
412 508 507
347 444 508
498 401 434
429 301 493
306 338 273
294 294 390
460 476 331
438 374 293
341 438 486
39 7 247
129 160 112
147 179 18
118 23 214
187 250 139
451 356 292
349 318 381
460 492 427
306 305 273
501 342 405
282 346 346
314 442 442
332 363 395
427 299 460
462 397 301
428 428 395
385 354 289
298 457 489
451 387 451
481 449 353
375 440 279
279 503 472
385 353 386
297 298 490
340 403 308
449 386 289
406 501 310
276 275 276
294 293 485
504 376 376
354 417 258
267 460 268
294 390 294
315 347 411
422 421 453
468 340 340
496 336 271
377 410 377
271 431 368
427 395 395
148 52 20
80 0 0
155 90 43
175 127 191
176 81 145
381 478 398
299 492 348
389 422 262
299 299 332
323 291 324
314 410 377
464 335 336
315 411 315
438 502 438
380 348 411
425 426 489
416 319 287
489 458 393
334 301 397
476 507 347
467 340 499
462 429 462
314 442 441
447 320 448
366 493 270
385 353 385
354 449 450
279 504 440
298 490 298
362 266 266
258 353 290
305 370 306
476 475 316
452 483 387
299 300 299
396 427 332
349 478 477
340 404 468
270 398 430
500 307 339
134 6 166
22 246 86
122 251 219
251 90 91
181 180 213
494 301 430
463 432 464
412 347 444
333 493 461
440 472 439
296 424 295
33 96 32
100 165 37
168 169 136
66 99 35
55 182 246
162 35 66
360 359 328
297 490 266
294 453 341
381 477 333
496 495 287
295 359 455
452 420 419
392 391 295
443 508 444
452 355 420
428 268 363
481 385 498
459 267 396
337 466 337
257 289 417
351 287 319
312 408 375
323 356 355
477 285 446
267 492 364
437 342 374
353 386 450
345 442 473
38 71 38
226 99 226
114 3 50
6 71 6
103 71 198
365 365 429
367 464 400
439 343 279
466 289 401
272 367 352
311 311 407
95 94 254
79 78 143
12 12 77
231 166 167
172 237 12
143 110 206
348 443 508
479 415 319
341 469 502
385 385 385
492 299 364
428 268 331
433 273 337
331 492 268
390 358 294
489 457 265
257 353 449
338 306 274
284 508 412
342 374 278
478 446 382
452 292 387
337 466 402
394 489 425
295 360 328
456 424 327
284 411 507
343 472 439
463 496 496
283 300 411
395 396 364
296 295 328
464 431 399
371 340 372
302 462 430
374 405 341
464 367 464
440 280 343
438 310 310
284 444 347
133 68 37
223 190 95
180 52 84
147 82 50
183 118 246
44 172 237
274 497 465
266 490 457
419 259 324
413 317 413
455 456 423
383 352 288
292 483 483
463 495 464
333 462 429
453 390 422
286 317 414
262 454 389
345 474 330
493 270 429
504 440 376
389 326 422
350 445 429
325 262 278
368 399 272
351 352 256
388 484 259
462 350 334
392 487 391
298 393 329
324 419 484
384 479 352
268 428 267
485 261 422
377 505 377
306 402 274
363 395 460
455 424 487
319 416 255
394 330 361
28 253 60
233 233 73
187 187 186
164 4 165
93 253 92
190 31 31
336 399 464
423 264 487
255 256 255
403 340 500
464 367 431
417 482 321
286 414 317
296 456 423
365 270 398
504 279 472
300 331 300
364 491 491
379 412 444
289 322 289
443 315 347
327 328 408
451 324 308
421 310 438
488 360 296
375 440 439
393 458 330
318 414 286
404 468 419
302 334 430
501 501 309
482 290 385
435 275 403
379 507 316
424 488 424
308 372 403
246 119 38
131 67 147
31 222 14
247 150 183
43 11 251
122 218 202
206 142 30
49 176 0
68 228 213
61 124 44
354 450 466
343 440 392
482 481 321
409 442 473
266 265 361
400 367 495
330 361 265
265 362 458
357 421 294
376 279 440
395 363 428
432 336 367
443 475 284
301 269 397
327 423 391
410 409 377
497 434 305
466 498 465
335 367 367
381 509 509
297 362 425
444 508 347
469 405 501
327 360 456
504 312 440
469 373 501
400 367 431
348 380 412
308 276 340
273 498 274
22 214 214
126 255 223
38 199 38
16 161 129
72 105 249
508 315 331
372 436 468
415 479 319
381 413 414
438 438 501
479 304 287
290 289 322
336 432 431
371 372 468
462 429 493
450 289 386
328 391 344
293 262 389
489 265 489
447 383 256
265 361 458
384 479 255
361 329 474
341 294 325
429 350 509
357 389 453
492 364 395
319 383 367
454 309 342
374 421 454
268 299 316
296 360 376
363 428 508
458 458 474
459 363 507
427 299 284
471 312 391
497 433 385
505 473 329
458 458 282
19 82 3
214 151 135
218 154 90
151 247 22
161 160 64
313 281 282
361 266 362
439 503 471
474 474 410
352 416 447
314 441 346
449 418 450
488 423 360
412 507 284
479 288 383
483 484 419
479 480 271
273 465 450
367 400 415
319 383 272
423 295 344
456 279 376
264 264 391
259 291 260
421 421 454
463 400 304
377 505 442
258 450 289
500 403 260
483 483 483
290 482 290
478 510 285
336 336 287
331 363 268
490 457 489
357 422 421
368 335 431
357 309 261
312 440 311
281 505 281
236 93 125
157 60 157
76 12 236
218 26 219
28 220 157
367 480 432
300 428 475
449 353 465
286 477 494
312 504 391
255 479 271
404 403 484
492 364 379
356 324 468
259 323 307
362 298 282
264 328 343
400 464 480
348 507 364
507 348 459
380 412 459
289 321 385
356 323 467
274 465 386
348 507 475
442 313 473
424 456 503
261 358 310
346 345 441
295 360 327
365 269 301
257 449 385
329 457 362
266 458 298
423 487 423
385 290 353
352 448 256
445 510 350
405 470 470
296 423 423
49 113 208
173 13 76
45 172 13
76 236 13
149 213 20
500 467 339
263 263 423
332 491 395
345 410 489
274 305 289
360 488 424
347 380 443
288 255 464
304 432 256
416 272 272
460 364 348
269 398 510
477 270 461
263 360 423
442 410 282
276 307 435
445 477 509
268 299 299
487 327 264
492 491 331
400 463 464
493 333 445
444 476 492
266 361 505
302 365 510
406 502 421
480 351 400
374 357 373
271 400 447
280 440 327
446 414 397
297 362 489
377 410 265
383 448 336
413 477 381
59 186 123
5 100 4
85 117 229
154 90 42
85 244 69
368 432 383
389 261 502
457 490 345
293 293 342
281 346 458
450 354 402
467 499 484
354 290 498
95 46 143
23 103 167
158 31 15
167 70 150
211 211 67
98 131 147
305 338 417
277 502 261
257 482 497
502 309 485
395 363 444
356 483 500
471 407 360
335 384 335
305 369 385
257 337 354
444 364 444
386 386 401
504 344 327
348 411 396
374 309 453
318 446 333
483 483 419
268 364 300
273 497 289
363 363 379
419 355 308
432 367 319
303 431 383
400 431 479
292 324 436
319 351 496
324 371 372
507 316 268
466 466 466
361 330 425
477 430 302
362 394 490
303 432 400
294 453 470
203 75 90
60 157 173
91 122 139
25 248 185
12 77 109
228 197 164
425 362 393
407 343 280
458 394 425
279 407 424
265 362 362
402 433 258
481 290 482
434 274 401
455 295 456
281 281 281
423 391 359
409 505 409
467 435 340
66 34 99
166 102 86
117 180 148
112 145 48
173 77 44
114 83 211
322 257 481
291 388 260
399 464 272
345 313 265
334 302 334
346 346 314
434 306 498
331 396 491
257 481 418
418 321 290
472 360 424
374 502 437
435 371 307
422 262 485
418 354 290
1 160 65
246 215 118
160 32 225
82 83 82
10 10 43
48 49 80
392 359 424
447 383 415
405 438 405
282 346 442
425 394 394
437 341 438
346 473 313
429 430 366
312 471 343
349 349 414
270 461 494
316 347 507
428 267 428
41 8 168
175 207 78
98 130 34
114 19 178
203 171 107
33 161 33
466 402 434
294 421 294
379 380 507
308 468 467
353 257 385
323 484 420
402 273 369
400 303 255
259 291 372
301 510 317
404 276 436
456 328 391
486 293 454
264 263 392
327 328 263
143 46 238
158 63 94
128 193 48
236 44 93
65 193 208
133 5 69
364 491 428
304 464 464
501 470 373
303 463 400
501 310 405
499 436 275
443 284 379
295 423 488
466 466 402
296 360 487
502 405 310
491 460 267
427 460 395
16 240 81
7 38 102
33 96 97
251 26 250
218 186 58
181 149 20
494 462 334
358 262 389
479 383 255
483 260 388
452 420 292
333 365 494
255 480 352
257 353 482
441 409 282
349 381 509
392 488 359
177 209 80
35 3 131
137 201 72
119 150 118
71 167 70
229 132 228
47 111 238
65 1 129
154 122 251
17 49 177
467 435 308
408 440 312
446 414 285
434 434 465
501 501 470
280 471 279
311 375 312
294 485 293
255 319 256
343 311 439
338 370 497
490 394 266
442 474 346
128 160 32
202 170 43
156 188 60
243 211 83
135 102 230
244 148 20
379 347 475
328 296 423
324 419 291
376 280 407
295 327 455
372 276 404
319 351 479
257 321 449
286 510 381
359 327 455
488 392 263
134 166 38
39 71 167
112 80 240
18 242 147
97 65 225
298 330 457
316 284 411
510 414 285
404 371 499
412 476 347
444 508 380
467 276 404
342 278 405
430 365 493
413 350 478
398 333 461
417 481 354
315 508 380
335 271 400
220 29 157
119 55 182
109 173 44
201 137 8
36 229 101
31 95 222
23 215 86
66 2 131
237 44 236
19 210 18
331 395 332
292 484 291
414 350 413
507 316 508
452 388 451
281 474 282
429 365 430
417 481 418
479 415 480
281 345 282
502 310 501
251 187 250
5 196 4
197 4 196
195 35 130
176 16 113
348 508 283
422 326 485
509 350 446
258 482 321
389 294 325
508 348 443
435 339 500
269 493 334
423 456 360
482 385 290
282 506 345
459 299 396
401 305 466
263 488 328
30 255 31
165 4 228
110 207 47
219 90 91
95 223 222
376 503 408
418 289 322
467 339 308
274 337 338
402 337 338
357 294 293
397 333 334
385 322 289
324 259 483
438 373 278
270 462 429
294 422 453
473 345 378
452 324 291
326 454 453
458 393 426
12 140 141
135 198 231
181 53 52
74 11 235
12 141 140
499 436 340
283 411 412
282 474 441
500 372 371
267 332 428
501 374 373
500 275 500
402 498 434
306 497 498
462 397 398
280 343 439
386 449 353
264 327 424
503 311 344
152 153 152
253 188 189
77 76 140
225 128 225
229 228 229
435 372 371
408 375 440
366 301 270
460 395 364
486 421 390
361 298 265
372 307 276
381 318 285
374 309 310
416 352 351
375 312 311
460 395 428
372 307 468
403 275 276
387 259 260
386 257 258
146 18 19
85 213 212
217 89 88
31 94 95
19 114 19
276 500 340
300 395 364
353 450 353
457 361 457
350 493 334
325 485 405
377 474 490
469 438 342
313 409 505
285 445 285
371 308 307
490 297 298
256 351 256
260 483 324
1 97 49
203 107 59
129 64 81
190 127 30
138 171 42
505 474 346
352 447 479
320 480 448
289 450 418
276 371 403
462 429 286
445 286 429
309 470 261
510 413 478
372 436 468
300 491 267
444 507 475
258 321 417
363 459 299
367 272 400
414 445 494
200 137 152
26 27 26
129 192 193
4 69 68
140 13 12
474 377 409
291 451 483
506 314 378
367 304 463
337 401 305
272 303 304
284 412 316
312 471 487
373 437 358
419 356 436
480 287 335
350 413 318
486 294 390
347 412 460
145 49 128
160 1 241
32 240 241
7 70 230
105 120 184
418 449 418
256 351 351
266 361 297
341 342 470
465 369 338
340 307 467
492 331 300
479 320 416
508 443 284
289 497 274
337 466 274
283 412 476
435 275 339
442 282 346
297 329 394
382 445 285
428 428 459
281 281 442
435 340 276
349 510 285
365 334 269
405 373 501
382 413 286
360 327 391
281 346 441
338 273 306
450 417 450
320 448 480
367 495 271
300 492 332
457 297 298
291 451 356
296 424 391
469 341 342
300 332 332
187 75 202
194 178 18
253 124 93
250 59 91
171 10 138
424 327 359
349 317 381
338 338 370
324 419 451
500 436 307
506 313 441
375 375 343
438 437 342
467 372 403
262 294 341
289 450 465
491 363 364
336 303 464
397 334 333
327 327 328
501 437 374
315 443 380
442 282 377
333 301 414
428 395 315
438 342 422
500 275 324
355 419 260
468 467 276
258 386 385
481 385 305
492 492 460
338 370 305
384 351 304
357 421 373
368 288 255
420 323 451
431 464 384
496 367 447
360 391 376
393 298 474
375 456 327
372 467 500
491 363 316
434 274 482
287 319 431
473 361 394
483 420 388
325 357 454
454 486 454
443 283 475
328 327 488
306 338 465
274 274 402
459 427 363
313 505 377
490 298 330
371 404 340
463 272 496
336 431 432
306 273 466
417 258 481
331 267 347
478 445 334
378 441 362
452 452 499
496 336 271
355 356 372
344 359 471
347 316 364
293 261 501
478 478 494
366 270 381
472 391 311
363 267 459
287 447 447
482 290 450
267 427 267
296 311 504
444 443 316
438 326 358
457 265 442
462 461 446
340 275 323
406 405 358
509 445 349
332 331 395
442 489 457
375 504 264
362 393 378
375 344 487
476 347 491
469 294 358
423 424 263
328 455 264
481 385 450
376 375 503
422 357 261
269 366 270
458 393 426
447 415 415
405 469 310
262 453 294
439 344 440
506 313 378
296 295 487
299 268 267
398 333 398
325 358 261
336 367 272
265 362 425
419 452 451
392 296 488
299 459 299
381 413 509
396 396 492
397 270 430
335 336 367
447 448 287
323 420 355
291 292 436
341 437 373
341 389 438
408 279 408
363 491 459
327 424 360
404 420 467
360 360 439
329 329 474
326 262 294
475 412 475
308 307 452
390 325 389
368 464 336
295 424 280
471 360 312
271 399 352
400 271 479
310 438 421
345 441 457
268 459 396
356 323 323
396 459 332
332 491 427
484 356 324
487 455 503
470 374 485
374 278 454
334 302 414
262 357 341
321 466 290
325 438 261
424 360 439
286 350 270
325 357 309
324 451 276
259 484 371
